m 10
170 823
6054
268 170
6058
238 905
6063
898 661
6079
295 64
6085
763 304
6095
295 489
6130
114 489
6138
641 731
6146
389 907
6148
532 155
6153
773 48
6192
757 853
6207
130 536
6207
775 694
6211
406 918
6214
172 447
6238
161 586
6240
550 167
6240
921 838
6252
420 741
6262
669 759
6264
328 205
6272
285 635
6283
280 486
6283
194 985
6286
538 194
6299
286 688
6317
763 132
6346
679 403
6351
694 679
6358
807 679
6365
838 917
6375
526 194
6420
238 526
6421
101 550
6448
286 784
6467
132 773
6553
280 240
6608
904 240
6654
619 641
6718
116 918
6738
700 765
6789
853 794
6824
400 342
6838
794 996
6849
153 648
6851
877 954
6851
757 641
6874
75 877
6882
434 467
6899
256 467
6899
276 759
6901
176 794
6926
601 536
6938
176 283
6957
996 601
6959
794 641
6973
641 283
6992
176 601
7001
286 342
7011
792 757
7013
923 415
7022
661 964
7037
434 661
7074
807 162
7083
797 231
7090
240 550
7110
797 718
7140
400 256
7155
682 434
7157
428 205
7157
586 434
7171
670 550
7175
964 354
7184
742 132
7195
964 447
7284
797 381
7287
797 368
7304
185 797
7321
256 974
7372
700 835
7378
397 276
7421
276 190
7464
434 108
7563
447 242
7581
434 447
7583
268 807
7646
268 823
7651
418 741
7679
143 741
7915
276 116
7923
268 276
8043
276 741
8173
367 447
8466
708 700
8579
132 256
8837
700 338
8860
102 730
8876
269 393
9046
283 132
9392
601 609
9884
875 601
10192
145 818
5752
489 7
5758
135 177
5774
781 469
5795
24 98
5811
760 647
5812
518 731
5818
390 40
5828
40 754
5831
211 615
5850
960 140
5866
362 622
5868
731 960
5872
731 907
5873
33 311
5877
106 285
5879
489 371
5885
124 731
5901
220 790
5906
906 114
5906
893 731
5910
731 52
5915
983 321
5915
731 303
5919
217 274
5924
787 979
5928
898 950
5932
547 301
5934
328 166
5940
739 217
5941
547 587
5944
7 439
5947
950 957
5952
454 975
5952
177 281
5953
489 389
5960
983 932
5967
390 60
5971
773 295
5974
912 22
5975
5 758
5978
544 379
5980
731 321
5983
497 607
5984
977 563
5984
536 21
5984
419 536
5986
910 211
5992
615 530
5997
530 177
5998
924 71
6012
390 760
6020
411 337
6020
135 111
6020
856 337
6024
177 337
6040
337 912
6051
177 54
6054
1 54
6060
88 54
6101
800 945
6112
390 471
6159
390 549
6163
88 167
6167
738 424
6174
424 1000
6175
211 56
6176
562 171
6194
275 355
6196
111 355
6218
99 518
6233
932 489
6237
672 481
6244
517 390
6254
502 390
6260
140 518
6283
211 390
6292
319 672
6307
580 40
6326
145 111
6331
481 518
6335
518 11
6367
672 390
6402
249 98
6427
398 111
6435
672 180
6451
145 580
6460
912 507
6478
188 334
6495
379 129
6521
355 464
6531
355 379
6532
821 321
6552
98 204
6564
523 389
6567
358 281
6607
281 454
6626
518 390
6657
518 489
6668
681 301
6684
249 769
6698
504 628
6699
314 278
6711
314 857
6723
1000 334
6742
127 637
6756
2 637
6767
361 637
6780
637 825
6794
771 278
6815
901 278
6856
637 818
6889
424 278
6889
424 82
6895
637 314
6938
58 82
6990
58 857
7029
504 58
7029
945 857
7098
803 167
7148
167 697
7173
101 857
7213
101 504
7213
504 334
7252
199 167
7374
167 660
7400
637 901
7466
273 167
7560
167 137
7637
568 489
8971
281 961
9339
37 489
9445
389 249
9448
800 912
9448
180 321
9678
389 204
9679
182 612
9782
612 758
9783
809 681
9823
281 523
9823
681 249
9824
517 580
9824
521 518
9827
204 84
9847
521 321
9897
489 275
9897
681 204
9897
281 809
9995
281 249
9995
737 275
9996
572 405
10240
230 543
10320
171 230
10320
281 356
10401
204 281
10402
593 980
10838
318 138
10841
580 313
10844
674 379
10868
221 543
10908
321 181
10921
275 321
10921
932 379
10985
517 543
11057
580 92
11152
318 543
11269
777 129
11385
497 454
11427
313 508
11501
779 643
11537
777 674
11554
753 7
11570
145 313
11694
497 421
11694
221 895
11765
145 92
11765
118 358
11844
768 358
11844
318 643
11845
333 84
11859
98 681
11859
350 171
11859
895 84
11936
774 358
11936
401 84
11936
98 753
12036
98 66
12036
769 681
12182
389 681
12282
679 497
12327
84 352
12438
118 84
12438
651 98
12438
138 643
12438
86 448
12438
219 448
12586
84 681
12586
7 880
12587
7 219
12587
774 84
12713
753 401
12713
963 329
12713
352 752
13077
448 350
13097
643 171
13103
543 643
13103
350 92
13103
643 186
13121
86 869
13494
66 84
13616
753 84
13616
358 219
13688
253 98
13791
219 674
13968
947 7
14107
544 947
14277
65 947
14327
779 86
14392
318 230
14446
138 352
14512
947 630
14515
398 318
14562
318 732
14637
318 200
14672
894 86
14793
894 947
14793
947 729
14855
585 947
14945
86 684
15170
318 684
15170
979 548
6115
466 874
6119
406 829
6119
635 423
6124
635 638
6126
979 688
6127
95 59
6135
386 803
6140
975 803
6147
96 406
6149
979 420
6149
285 125
6154
147 548
6154
791 69
6157
751 563
6163