u 10
25 815
6318
804 438
6324
887 118
6327
842 118
6335
25 118
6338
25 143
6344
25 724
6361
25 245
6371
885 25
6373
62 437
6375
177 83
6397
25 438
6405
182 147
6407
179 333
6418
614 954
6420
384 499
6430
245 499
6433
422 80
6444
344 598
6446
53 720
6453
559 350
6457
586 444
6466
559 179
6470
48 346
6485
863 402
6499
861 952
6505
968 282
6524
815 204
6528
83 25
6530
25 163
6532
62 411
6535
178 254
6542
178 642
6564
182 72
6576
632 950
6579
677 724
6581
567 383
6585
817 628
6587
950 649
6619
922 614
6621
815 47
6627
134 932
6629
530 379
6632
339 959
6632
106 249
6641
258 194
6644
331 916
6654
753 878
6657
660 90
6658
245 47
6663
743 934
6666
303 863
6671
612 362
6681
282 206
6687
499 350
6687
179 332
6687
350 937
6687
499 179
6692
266 179
6694
179 749
6695
729 60
6700
177 169
6712
905 49
6715
816 993
6721
411 382
6727
108 186
6734
662 34
6739
48 86
6743
277 48
6744
601 410
6759
752 908
6770
48 308
6792
186 48
6805
988 49
6809
133 256
6814
855 133
6816
677 356
6827
751 863
6856
863 396
6864
156 959
6892
881 410
6900
102 881
6908
737 64
6966
633 992
6970
639 950
6991
639 932
6994
134 382
6994
899 82
7005
815 530
7017
440 62
7019
677 258
7020
677 815
7030
816 17
7030
134 763
7078
431 661
7084
661 667
7102
161 247
7108
108 252
7117
573 764
7168
639 440
7191
639 677
7191
88 614
7192
335 29
7205
673 890
7205
841 108
7209
108 959
7221
247 564
7226
514 452
7233
177 729
7238
367 661
7242
247 540
7276
134 639
7285
637 815
7286
915 3
7288
359 899
7291
915 359
7298
752 367
7305
963 677
7339
634 954
7342
898 618
7366
673 855
7385
628 64
7388
105 207
7402
118 134
7440
53 134
7446
105 624
7464
783 105
7478
105 64
7503
241 826
7527
572 249
7540
382 156
7540
530 572
7560
639 156
7599
637 382
7667
249 17
7698
729 311
7709
804 504
7789
677 804
7796
440 661
7803
530 611
7829
639 530
7839
637 639
7854
963 637
7860
782 816
7877
249 156
7900
530 968
7965
968 637
7980
530 816
8019
530 249
8043
637 816
8143
637 249
8251
836 440
8986
239 677
8986
818 440
8988
497 677
9326
504 497
9330
108 776
9332
804 440
9339
242 456
9340
311 367
9466
564 356
9509
417 550
9555
367 871
9632
573 797
9635
541 264
9638
331 947
9657
858 819
9659
899 331
9661
421 341
9715
677 564
9717
440 677
9717
504 162
9765
504 108
9816
774 382
9887
242 373
9913
285 102
9996
135 797
9998
673 954
10042
540 954
10042
540 949
10047
465 833
10053
921 331
10069
581 497
10069
456 651
10069
755 550
10081
277 896
10135
346 871
10477
855 729
10478
540 269
10483
776 677
10483
677 504
10483
673 729
10556
292 309
10556
365 351
10556
540 729
10560
651 132
10561
334 651
10573
373 729
10573
276 729
10573
504 729
10574
909 272
10623
4 845
10641
774 443
10682
495 841
10706
411 774
10714
36 391
10762
60 128
10790
388 765
10822
197 666
10844
777 197
10844
917 862
10875
173 573
10877
573 695
10920
292 777
10982
777 764
11002
916 417
11011
238 890
11090
855 123
11111
447 673
11111
917 777
11116
917 666
11116
800 573
11135
862 173
11214
897 861
11222
242 774
11222
451 923
11359
186 86
11360
508 673
11366
272 566
11366
187 56
11366
187 582
11367
508 540
11395
508 121
11395
353 32
11395
409 422
11395
56 272
11395
272 582
11396
309 469
11396
447 643
11396
729 4
11431
784 890
11431
890 123
11431
422 447
11435
602 862
11435
275 123
11438
44 447
11442
855 128
11446
422 353
11466
498 800
11466
839 351
11469
651 269
11470
677 958
11470
36 254
11477
729 651
11498
729 958
11498
128 651
11500
252 277
11506
269 774
11510
36 651
11587
36 958
11587
729 774
11618
830 4
11683
943 187
11683
1 755
11683
755 373
11683
774 128
11683
774 897
11683
4 508
11687
569 755
11707
569 744
11712
744 252
11716
774 283
12037
388 4
12217
409 18
12312
800 123
12312
862 800
12316
784 800
12320
495 447
12474
447 128
12474
958 755
12482
958 744
12482
4 755
12490
744 4
12493
351 422
12520
409 187
12521
409 272
12554
744 839
12574
353 833
12749
351 409
13176
351 447
13176
123 744
13318
495 353
13356
469 353
13356
666 388
13472
353 351
14195
353 388
14374
888 25
6360
